IP
3 3  
1 3 6  
2 5 9  
4 7 10  
op
4


ip
grid = [[1, 3, 6, 10], 
        [2, 5, 9, 12], 
        [4, 7, 11, 15], 
        [8, 13, 16, 20]]
op
6

ip
grid = [[1, 2, 3, 4], 
        [5, 6, 7, 8], 
        [9, 10, 11, 12], 
        [13, 14, 15, 16]]
op
10

ip
grid = [[1, 3, 5, 7, 9], 
        [2, 4, 6, 8, 10], 
        [11, 12, 13, 14, 15], 
        [16, 17, 18, 19, 20]]
op
28

ip
grid = [[1, 3, 6, 10, 15, 21, 28, 36, 45, 55], 
        [2, 5, 9, 14, 20, 27, 35, 44, 54, 65], 
        [4, 8, 13, 19, 26, 34, 43, 53, 64, 76], 
        [7, 12, 18, 25, 33, 42, 52, 63, 75, 88], 
        [11, 17, 24, 32, 41, 51, 62, 74, 87, 101], 
        [16, 23, 31, 40, 50, 61, 73, 86, 100, 115], 
        [22, 30, 39, 49, 60, 72, 85, 99, 114, 130], 
        [29, 38, 48, 59, 71, 84, 98, 113, 129, 146], 
        [37, 47, 58, 70, 83, 97, 112, 128, 145, 163], 
        [46, 57, 69, 82, 96, 111, 127, 144, 162, 181]]

op
92378

ip
grid = [[1, 2, 3, 4, 5, 6, 7, 8, 9, 10], 
        [11, 12, 13, 14, 15, 16, 17, 18, 19, 20], 
        [21, 22, 23, 24, 25, 26, 27, 28, 29, 30], 
        [31, 32, 33, 34, 35, 36, 37, 38, 39, 40], 
        [41, 42, 43, 44, 45, 46, 47, 48, 49, 50], 
        [51, 52, 53, 54, 55, 56, 57, 58, 59, 60], 
        [61, 62, 63, 64, 65, 66, 67, 68, 69, 70], 
        [71, 72, 73, 74, 75, 76, 77, 78, 79, 80], 
        [81, 82, 83, 84, 85, 86, 87, 88, 89, 90], 
        [91, 92, 93, 94, 95, 96, 97, 98, 99, 100]]
op
184756

ip
grid = [
    [1, 100, 200, 300, 400],
    [2, 101, 201, 301, 401],
    [3, 102, 202, 302, 402],
    [4, 103, 203, 303, 403],
    [5, 104, 204, 304, 404]
]
op
70

ip
grid = [
    [1, 5, 9, 13, 17, 21, 25, 29, 33, 37],
    [2, 6, 10, 14, 18, 22, 26, 30, 34, 38],
    [3, 7, 11, 15, 19, 23, 27, 31, 35, 39],
    [4, 8, 12, 16, 20, 24, 28, 32, 36, 40],
    [41, 45, 49, 53, 57, 61, 65, 69, 73, 77],
    [42, 46, 50, 54, 58, 62, 66, 70, 74, 78],
    [43, 47, 51, 55, 59, 63, 67, 71, 75, 79],
    [44, 48, 52, 56, 60, 64, 68, 72, 76, 80],
    [81, 85, 89, 93, 97, 101, 105, 109, 113, 117],
    [82, 86, 90, 94, 98, 102, 106, 110, 114, 118]
]
op
184756

ip
grid = [
    [1, 100, 2, 101, 3, 102, 4, 103, 5, 104],
    [10, 200, 11, 201, 12, 202, 13, 203, 14, 204],
    [20, 300, 21, 301, 22, 302, 23, 303, 24, 304],
    [30, 400, 31, 401, 32, 402, 33, 403, 34, 404],
    [40, 500, 41, 501, 42, 502, 43, 503, 44, 504],
    [50, 600, 51, 601, 52, 602, 53, 603, 54, 604],
    [60, 700, 61, 701, 62, 702, 63, 703, 64, 704],
    [70, 800, 71, 801, 72, 802, 73, 803, 74, 804],
    [80, 900, 81, 901, 82, 902, 83, 903, 84, 904],
    [90, 1000, 91, 1001, 92, 1002, 93, 1003, 94, 1004]
]
op
462